6.10051315877121E-4
6.442472322638645E-4
6.313392791258695E-4
6.552415676076823E-4
6.361453770432256E-4
6.324409305398231E-4
6.353443073773759E-4
6.19788154040115E-4
6.034332383595477E-4
5.916470493245034E-4
5.86200327665299E-4
6.007901943251427E-4
6.140926345616071E-4
6.187716152097978E-4
6.045000392812455E-4
6.020362722915074E-4
6.027317148477094E-4
5.911110282918074E-4
5.862397380412437E-4
5.98586612820448E-4
6.013829641887122E-4
6.072918942286951E-4
6.061958900768569E-4
6.082233036275338E-4
6.100189387500117E-4
6.089659605728664E-4
6.078132129784895E-4
5.99300789053875E-4
5.971985238267736E-4
5.939460037958856E-4
6.094004621072995E-4
6.178022949051616E-4
6.12090378217521E-4
6.196754687971933E-4
6.148381911912503E-4
6.037597511902424E-4
6.053989173159268E-4
6.100327781728171E-4
6.048861509932509E-4
5.990361361651816E-4
5.912401304263115E-4
5.88947226729985E-4
5.964801741144177E-4
6.062923122381037E-4
5.950365460759744E-4
5.898355623126012E-4
6.053529181722642E-4
6.006246144424604E-4
6.055266485332784E-4
6.127479108348676E-4
6.225294791602026E-4
6.206770612743647E-4
6.197559466048164E-4
6.17121233826544E-4
6.194649601184679E-4
6.226673686315584E-4
6.233942512588837E-4
6.1696940766042E-4
6.149641005459587E-4
5.986466800228581E-4
6.14495828936469E-4
6.121019369874877E-4
6.011268597452196E-4
6.080826348725836E-4
6.068251899512254E-4
6.082596752518184E-4
6.029884402184998E-4
6.045748697730551E-4
6.017939609198215E-4
5.928283676196778E-4
5.853549525959563E-4
5.960867718804403E-4
5.90562351092265E-4
5.861728750508237E-4
5.778009821761241E-4
5.782946801938858E-4
5.981032688392277E-4
5.78751728938589E-4
5.873439799614202E-4
5.968231100917484E-4
6.153874769399633E-4
6.082901636169745E-4
6.023413393742013E-4
6.037712075724835E-4
5.920921267934592E-4
5.944859091031976E-4
5.900011656660342E-4
5.955094390529716E-4
5.76009372788748E-4
5.814494167703031E-4
5.843867950905865E-4
5.846656573340076E-4
5.913304730345251E-4
5.91955481217161E-4
6.035044729379625E-4
6.067864459939284E-4
6.099094385126254E-4
6.118500730389608E-4
6.173765685544409E-4
6.094971779271139E-4
